10
11
12
14
15
16
17
18
20
21
22
25
25
26
28
29
30
31
32
34
35
36
37
38
39
39
39
39
39
40
42
43
44
45
46
46
46
46
47
48
50
51
52
52
52
54
55
56
56
57
57
58
58
58
59
60
61
61
61
62
62
63
63
64
64
64
65
66
66
67
67
68
68
69
69
70
71
72
72
72
72
72
73
73
73
74
74
74
74
75
75
75
76
76
77
77
77
78
78
78
78
109
128
155
189
208
230
248
258
265
267
306
316
320
329
355
369
385
391
403
409
450
454
467
485
485
488
514
526
532
549
569
585
596
600
600
600
600
605
630
658
674
704
724
728
756
780
804
848
856
870
890
913
917
931
941
951
973
987
994
998
998
998
998
1002
1008
1027
1038
1045
1045
1062
1081
1094
1094
1094
1101
1119
1145
1152
1167
1174
1185
1203
1210
1219
1221
1235
1240
1250
1250
1250
1250
1250
1250
1251
1251
1251
1251
1257
1260
1273
1273
1273
1273
1273
1273
1273
1273
1273
1273
1273
1273
1273
1273
1273
1273
1273
1273
1273
1273
1273
1273
1273
1273
1273
1273
1273
1273
1273
1273
1265
1255
1245
1235
1225
1215
1205
1195
1185
1175
1165
1155
1145
1135
1125
1115
1105
1095
1085
1075
1065
1055
1045
1035
1025
1015
1005
995
985
975
965
955
945
935
925
915
905
895
885
875
865
855
845
835
825
815
805
795
785
775
765
755
745
735
725
715
705
695
685
675
665
655
645
635
629
622
616
610
606
599
595
594
594
594
594
594
594
594
594
594
594
596
608
610
624
639
653
673
689
723
740
756
756
756
778
804
804
804
817
817
819
827
848
853
886
906
934
936
937
972
978
993
1019
1042
1042
1055
1083
1083
1100
1114
1141
1160
1160
1160
1160
1160
1160
1160
1160
1160
1173
1173
1184
1184
1187
1200
1221
1221
1221
1222
1222
1222
1258
1275
1295
1296
1296
1300
1300
1300
1303
1313
1338
1369
1369
1369
1382
1389
1390
1390
1390
1390
1418
1418
1418
1427
1441
1467
1467
1467
1467
1467
1467
1467
1467
1467
1467
1467
1467
1467
1467
1467
1467
1467
1467
1467
1467
1467
1467
1467
1467
1467
1467
1467
1467
1467
1467
1467
1462
1452
1442
1432
1422
1412
1402
1392
1382
1372
1362
1352
1342
1332
1322
1312
1302
1292
1282
1272
1262
1252
1242
1232
1222
1212
1202
1192
1182
1172
1162
1152
1142
1132
1122
1112
1102
1092
1082
1072
1062
1052
1042
1032
1022
1012
1002
992
982
972
962
952
942
932
922
912
902
892
882
872
862
852
842
832
822
812
802
792
782
772
762
752
742
732
722
712
702
692
685
681
681
681
681
681
681
681
681
681
681
681
681
681
697
723
738
741
768
788
804
824
825
825
839
842
870
877
889
892
900
917
938
950
959
984
991
1008
1020
1034
1049
1063
1067
1093
1101
1116
1121
1122
1141
1154
1161
1163
1190
1204
1207
1214
1228
1236
1259
1259
1259
1259
1263
1268
1282
1289
1306
1326
1326
1326
1341
1344
1365
1369
1379
1399
1409
1416
1426
1435
1435
1435
1435
1435
1435
1435
1435
1436
1458
1463
1472
1480
1480
1496
1507
1507
1507
1507
1507
1507
1507
1507
1507
1507
1507
1507
1507
1507
1507
1507
1507
1507
1507
1507
1507
1507
1507
1507
1507
1507
1507
1507
1507
1504
1494
1484
1474
1464
1454
1444
1434
1424
1414
1404
1394
1384
1374
1364
1354
1344
1334
1324
1314
1304
1294
1284
1274
1264
1254
1244
1234
1224
1214
1204
1194
1184
1174
1164
1154
1144
1134
1124
1114
1104
1094
1084
1074
1064
1054
1044
1034
1024
1014
1004
994
984
974
964
954
944
934
924
914
904
894
884
874
864
854
844
834
824
814
804
794
784
774
764
754
744
734
724
714
704
694
690
690
690
690
690
690
690
690
690
690
690
690
705
710
727
744
746
753
786
815
824
852
877
896
919
937
948
959
964
968
982
982
1000
1007
1033
1053
1070
1077
1087
1087
1087
1094
1108
1108
1108
1108
1108
1116
1122
1146
1180
1202
1219
1235
1274
1274
1285
1307
1314
1314
1314
1314
1328
1336
1340
1348
1356
1359
1360
1373
1373
1395
1395
1419
1424
1440
1444
1444
1457
1491
1497
1501
1508
1508
1513
1519
1519
1539
1564
1564
1564
1564
1564
1564
1564
1564
1564
1564
1564
1564
1564
1564
1564
1564
1564
1564
1564
1564
1564
1564
1564
1564
1564
1564
1564
1564
1564
1561
1551
1541
1531
1521
1511
1501
1491
1481
1471
1461
1451
1441
1431
1421
1411
1401
1391
1381
1371
1361
1351
1341
1331
1321
1311
1301
1291
1281
1271
1261
1251
1241
1231
1221
1211
1201
1191
1181
1171
1161
1151
1141
1131
1121
1111
1101
1091
1081
1071
1061
1051
1041
1031
1021
1011
1001
991
981
971
961
951
941
931
921
911
901
891
881
871
861
851
841
831
821
811
801
791
781
771
761
751
745
745
745
745
745
745
745
745
745
745
745
745
745
761
785
794
820
838
867
867
867
867
867
867
872
877
887
892
929
930
949
976
984
998
1038
1044
1056
1076
1076
1087
1099
1100
1109
1124
1141
1182
1196
1196
1196
1196
1213
1213
1219
1219
1223
1236
1276
1291
1305
1310
1310
1314
1319
1328
1328
1329
1335
1335
1355
1375
1375
1400
1404
1420
1425
1456
1456
1488
1509
1512
1526
1538
1555
1578
1578
1583
1608
1608
1608
1608
1608
